Leaning by doing-1
13
13
0 5
4 3
0 1
9 12
6 4
5 4
0 2
11 12
9 10
0 6
7 8
9 11
5 3
       0----5
     / |\   |
    /  | \  |
    2  |  1 |              
       6----4             
        \  /               
         3  

    7---8

    9----12
    | \   |
    |  \  |
    |   \ |
    10   11                

     adjacency graph 
   0 1 2 3 4 5 6 7 8 9 10 11 12 
0  0 1 1 0 0 1 1 0 0 0 0   0  0 
1  1 0 0 0 0 0 0 0 0 0 0   0  0 
2  1 0 0 0 0 0 0 0 0 0 0   0  0 
3  0 0 0 0 1 1 0 0 0 0 0   0  0 
4  0 0 0 1 0 1 1 0 0 0 0   0  0 
5  1 0 0 1 1 0 0 0 0 0 0   0  0 
6  1 0 0 0 1 0 0 0 0 0 0   0  0 
7  0 0 0 0 0 0 0 0 1 0 0   0  0 
8  0 0 0 0 0 0 0 1 0 0 0   0  0 
9  0 0 0 0 0 0 0 0 0 0 1   1  1 
10 0 0 0 0 0 0 0 0 0 1 0   0  0 
11 0 0 0 0 0 0 0 0 0 1 0   0  1 
12 0 0 0 0 0 0 0 0 0 1 0   1  0 
